# Created by Octave 4.0.0, Sat Mar 25 11:07:17 2017 IST <ramesh@rameshPC>
# name: v
# type: matrix
# rows: 5
# columns: 1
 1234
 3214
 5555
 4444
 2222


